res:
    test1b.png : 0.657511
TotalTime : 0.659308
