res:
    test1a.png : 0.148782
    test1b.png : 0.00719543
    test1c.png : 0.037381
